   11.2329   13.8264   -1.3524    0.4135
   12.6414   11.1776    0.8829    0.4695
   15.2902   12.5860    0.8829    0.4695
   15.7037   13.9384   -0.4695    0.8829
   13.8818   15.2348   -1.3524    0.4135
   11.1769   16.0618   -0.8829   -0.4695
    9.4671   12.8875   -0.4135   -1.3524
    9.0536   11.5351    0.4695   -0.8829
   10.4060   11.1216    1.3524   -0.4135
   12.5854   13.4129   -0.4695    0.8829
   12.1719   12.0605   -0.4695    0.8829
   14.35     12.8       0.5       0.2
    13.46    12.47      0.5       0.2   
